service_id,date,exception_type
2025270,20161113,1
2025270,20161120,1
2025270,20161127,1
2025270,20161204,1
2025270,20161211,1
2025270,20161218,1
2025270,20161225,1
12280344,20170102,1
12280344,20170109,1
12280344,20170116,1
12280344,20170123,1
12280344,20170130,1
12280344,20170206,1
12280344,20170213,1
12280344,20170220,1
12280344,20170227,1
12280344,20170306,1
12280344,20170313,1
12280344,20170320,1
12280344,20170327,1
12280344,20170403,1
12280344,20170410,1
12280344,20170418,1
12280344,20170424,1
12280344,20170502,1
12280345,20170417,1
12280345,20170501,1
12280345,20170508,1
2025274,20161219,1
2025274,20161220,1
2025274,20161221,1
2025274,20161222,1
2169475,20161223,1
12248027,20161110,1
12248027,20161115,1
12248027,20161116,1
12248027,20161117,1
12248027,20161118,1
12248027,20161122,1
12248027,20161123,1
12248027,20161124,1
12248027,20161125,1
12248027,20161129,1
12248027,20161130,1
12248027,20161201,1
12248027,20161202,1
12248027,20161206,1
12248027,20161207,1
12248027,20161208,1
12248027,20161209,1
12248027,20161213,1
12248027,20161214,1
12248027,20161215,1
12248027,20161216,1
2025272,20161226,1
2025272,20161227,1
2025272,20161228,1
2025272,20161229,1
2025271,20161111,1
12248028,20161111,1
12248028,20161119,1
12248028,20161126,1
12248028,20161203,1
12248028,20161210,1
12248028,20161217,1
2025277,20161112,1
2025277,20161119,1
2025277,20161126,1
2025277,20161203,1
2025277,20161210,1
2025277,20161217,1
2025277,20161224,1
2025277,20161231,1
12025281,20161231,1
2280348,20170102,1
2280348,20170103,1
2280348,20170104,1
2280348,20170105,1
2280349,20170206,1
2280349,20170207,1
2280349,20170208,1
2280349,20170209,1
2280349,20170213,1
2280349,20170214,1
2280349,20170215,1
2280349,20170216,1
2280349,20170410,1
2280349,20170411,1
2280349,20170412,1
2280349,20170413,1
2280349,20170418,1
2280349,20170419,1
2280349,20170420,1
2280349,20170502,1
2280349,20170503,1
2280349,20170504,1
2280344,20170101,1
2280344,20170108,1
2280344,20170115,1
2280344,20170122,1
2280344,20170129,1
2280344,20170205,1
2280344,20170212,1
2280344,20170219,1
2280344,20170226,1
2280344,20170305,1
2280344,20170312,1
2280344,20170319,1
2280344,20170326,1
2280344,20170402,1
2280344,20170409,1
2280344,20170417,1
2280344,20170423,1
2280344,20170501,1
2280345,20170416,1
2280345,20170430,1
2280345,20170507,1
2280347,20170109,1
2280347,20170110,1
2280347,20170111,1
2280347,20170112,1
2280347,20170116,1
2280347,20170117,1
2280347,20170118,1
2280347,20170119,1
2280347,20170123,1
2280347,20170124,1
2280347,20170125,1
2280347,20170126,1
2280347,20170130,1
2280347,20170131,1
2280347,20170201,1
2280347,20170202,1
2280347,20170220,1
2280347,20170221,1
2280347,20170222,1
2280347,20170223,1
2280347,20170227,1
2280347,20170228,1
2280347,20170301,1
2280347,20170302,1
2280347,20170306,1
2280347,20170307,1
2280347,20170308,1
2280347,20170309,1
2280347,20170313,1
2280347,20170314,1
2280347,20170315,1
2280347,20170316,1
2280347,20170320,1
2280347,20170321,1
2280347,20170322,1
2280347,20170323,1
2280347,20170327,1
2280347,20170328,1
2280347,20170329,1
2280347,20170330,1
2280347,20170403,1
2280347,20170404,1
2280347,20170405,1
2280347,20170406,1
2280347,20170424,1
2280347,20170425,1
2280347,20170426,1
2280347,20170427,1
12169475,20161224,1
2248027,20161109,1
2248027,20161114,1
2248027,20161115,1
2248027,20161116,1
2248027,20161117,1
2248027,20161121,1
2248027,20161122,1
2248027,20161123,1
2248027,20161124,1
2248027,20161128,1
2248027,20161129,1
2248027,20161130,1
2248027,20161201,1
2248027,20161205,1
2248027,20161206,1
2248027,20161207,1
2248027,20161208,1
2248027,20161212,1
2248027,20161213,1
2248027,20161214,1
2248027,20161215,1
2248028,20161110,1
2248028,20161118,1
2248028,20161125,1
2248028,20161202,1
2248028,20161209,1
2248028,20161216,1
2025281,20161230,1
12280354,20170107,1
12280353,20170114,1
12280353,20170121,1
12280353,20170128,1
12280353,20170204,1
12280353,20170225,1
12280353,20170304,1
12280353,20170311,1
12280353,20170318,1
12280353,20170325,1
12280353,20170401,1
12280353,20170408,1
12280353,20170429,1
12025274,20161220,1
12025274,20161221,1
12025274,20161222,1
12025274,20161223,1
12280352,20170211,1
12280352,20170218,1
12280352,20170415,1
12280352,20170422,1
12280352,20170506,1
12280351,20170108,1
12280351,20170115,1
12280351,20170122,1
12280351,20170129,1
12280351,20170205,1
12280351,20170212,1
12280351,20170219,1
12280351,20170226,1
12280351,20170305,1
12280351,20170312,1
12280351,20170319,1
12280351,20170326,1
12280351,20170402,1
12280351,20170409,1
12280351,20170416,1
12280351,20170423,1
12280351,20170430,1
12280351,20170507,1
12025277,20161113,1
12025277,20161120,1
12025277,20161127,1
12025277,20161204,1
12025277,20161211,1
12025277,20161218,1
12025277,20161225,1
12025277,20170101,1
2280353,20170113,1
2280353,20170120,1
2280353,20170127,1
2280353,20170203,1
2280353,20170224,1
2280353,20170303,1
2280353,20170310,1
2280353,20170317,1
2280353,20170324,1
2280353,20170331,1
2280353,20170407,1
2280353,20170428,1
2280354,20170106,1
2280351,20170107,1
2280351,20170114,1
2280351,20170121,1
2280351,20170128,1
2280351,20170204,1
2280351,20170211,1
2280351,20170218,1
2280351,20170225,1
2280351,20170304,1
2280351,20170311,1
2280351,20170318,1
2280351,20170325,1
2280351,20170401,1
2280351,20170408,1
2280351,20170415,1
2280351,20170422,1
2280351,20170429,1
2280351,20170506,1
2280352,20170210,1
2280352,20170217,1
2280352,20170414,1
2280352,20170421,1
2280352,20170505,1
12025271,20161112,1
12025270,20161114,1
12025270,20161121,1
12025270,20161128,1
12025270,20161205,1
12025270,20161212,1
12025270,20161219,1
12025270,20161226,1
12025272,20161227,1
12025272,20161228,1
12025272,20161229,1
12025272,20161230,1
12280349,20170207,1
12280349,20170208,1
12280349,20170209,1
12280349,20170210,1
12280349,20170214,1
12280349,20170215,1
12280349,20170216,1
12280349,20170217,1
12280349,20170411,1
12280349,20170412,1
12280349,20170413,1
12280349,20170414,1
12280349,20170419,1
12280349,20170420,1
12280349,20170421,1
12280349,20170503,1
12280349,20170504,1
12280349,20170505,1
12280347,20170110,1
12280347,20170111,1
12280347,20170112,1
12280347,20170113,1
12280347,20170117,1
12280347,20170118,1
12280347,20170119,1
12280347,20170120,1
12280347,20170124,1
12280347,20170125,1
12280347,20170126,1
12280347,20170127,1
12280347,20170131,1
12280347,20170201,1
12280347,20170202,1
12280347,20170203,1
12280347,20170221,1
12280347,20170222,1
12280347,20170223,1
12280347,20170224,1
12280347,20170228,1
12280347,20170301,1
12280347,20170302,1
12280347,20170303,1
12280347,20170307,1
12280347,20170308,1
12280347,20170309,1
12280347,20170310,1
12280347,20170314,1
12280347,20170315,1
12280347,20170316,1
12280347,20170317,1
12280347,20170321,1
12280347,20170322,1
12280347,20170323,1
12280347,20170324,1
12280347,20170328,1
12280347,20170329,1
12280347,20170330,1
12280347,20170331,1
12280347,20170404,1
12280347,20170405,1
12280347,20170406,1
12280347,20170407,1
12280347,20170425,1
12280347,20170426,1
12280347,20170427,1
12280347,20170428,1
12280348,20170103,1
12280348,20170104,1
12280348,20170105,1
12280348,20170106,1
