from_stop_id,to_stop_id,transfer_type,min_transfer_time
1809,3757203,2,228
1809,3757202,2,228
48432,3672223,2,270
1999,4035764,2,205
1999,4035763,2,198
1778,4472941,2,274
1809,3757205,2,437
1650,4472989,2,234
2126,1957,2,196
1809,3757204,2,432
1778,4472940,2,321
2077,2213,2,134
2126,1958,2,97
2077,2212,2,151
2195,3763991,2,270
1998,4036883,2,279
1998,4036884,2,270
1998,4036885,2,197
1672,4037041,2,215
2320,6041756,2,298
5682052,2348,2,228
2097,3755017,2,268
2320,6041755,2,298
1918,5355369,2,261
1918,5355368,2,314
1998,3754200,2,211
2450,5976749,2,262
5682050,2385,2,388
5122193,2095,2,207
1705,5122012,2,296
2450,5976748,2,259
2450,5151445,2,192
2450,5151446,2,192
1705,5478211,2,262
1672,3764814,2,215
1672,3893394,2,215
1672,3893395,2,261
2187,4770171,2,261
2187,4770170,2,270
48431,3666795,2,270
2103,4705601,2,291
1650,4770174,2,234
2103,4705600,2,269
2103,4705603,2,315
2103,4705602,2,289
1968,2155,2,360
1672,2167,2,300
2450,5976750,2,283
5122192,2045,2,194
1705,5122052,2,296
1998,4378089,2,223
1853,5244886,2,298
1998,4378088,2,205
4473127,2178,2,263
1809,6251680,2,253
5682063,1650,2,248
2231,5244885,2,288
1942,5161434,2,193
2530,4770191,2,248
1942,5161433,2,213
1809,6251679,2,253
5794604,1923,2,189
2187,4770192,2,210
1705,4834624,2,223
1705,4834625,2,211
2126,1910,2,360
1650,4770191,2,248
2482,4739200,2,261
1918,5761290,2,241
1866,3812968,2,220
1918,5761291,2,261
1866,3812969,2,223
1672,4651132,2,215
1866,3812970,2,225
1705,5122073,2,222
1998,5138194,2,197
2187,5138192,2,279
1998,5138195,2,223
2056,4889526,2,252
1998,5138192,2,279
2187,5138194,2,197
1998,5138193,2,270
2187,5138193,2,270
1918,4000534,2,244
2056,4889527,2,252
1918,4000533,2,314
2187,5138195,2,223
2223,2322,2,120
1650,4036877,2,248
1672,5018401,2,240
1672,5018400,2,231
2482,5018400,2,231
2482,5018401,2,240
2077,3749677,2,217
48432,3672259,2,270
5682065,1809,2,253
48431,3666756,2,270
2197,3909012,2,213
2348,3757202,2,228
2103,4179703,2,284
2103,4179702,2,267
2348,3757204,2,432
2348,3757203,2,228
1672,3764843,2,215
2348,3757205,2,437
1912,3730042,2,204
2103,4705643,2,315
2103,4705644,2,291
1912,3730041,2,221
48432,3672284,2,270
4314771,1809,2,432
3741082,1918,2,244
1866,3893356,2,208
1866,3893357,2,219
2103,3663887,2,228
2103,3663888,2,291
2077,2235,2,360
5794709,2248,2,216
5794646,1923,2,216
1923,5991337,2,292
1923,5991336,2,216
2482,3687426,2,275
48431,3672284,2,270
5122175,1705,2,265
2333,3893357,2,219
2333,3893356,2,208
4473127,1988,2,263
2387,3666664,2,257
2059,4036915,2,203
1672,3764619,2,215
2223,1166835,2,360
2077,5657280,2,274
2006,4378262,2,215
2223,1166834,2,360
2006,4378261,2,215
2045,4890534,2,205
2450,5122012,2,296
5682057,1866,2,232
5122192,2095,2,194
2045,3730668,2,197
2187,3754199,2,211
2126,3749738,2,281
2387,3678787,2,257
2187,4378089,2,223
2187,4378088,2,205
2387,3678786,2,224
2045,3730667,2,197
2195,4890513,2,270
2248,4238788,2,216
2054,3663945,2,228
2188,4035763,2,198
5976643,2450,2,296
5137996,2195,2,216
4473138,2385,2,388
1809,5121931,2,500
2077,3764652,2,205
2126,3666671,2,205
1809,5121930,2,500
2105,4889488,2,252
2105,4889489,2,252
2097,4458777,2,199
2348,6041793,2,516
2045,5231725,2,224
2348,6041794,2,500
2045,5231724,2,194
2188,4035764,2,205
4473143,1998,2,261
2054,4179702,2,267
4473128,1988,2,263
2054,4179703,2,284
2243,5150192,2,244
2237,3730042,2,204
2243,5150191,2,241
2237,3730041,2,221
2059,4036904,2,201
4473139,1775,2,353
4473144,2530,2,234
5682037,2078,2,235
2187,4651125,2,270
1866,4651130,2,232
2126,3749790,2,281
2530,4770174,2,234
5682035,1988,2,263
2348,3764102,2,500
2348,3764103,2,500
4473154,1809,2,253
1672,3716935,2,261
2482,2167,2,300
2006,4890513,2,270
2450,5122052,2,296
1705,5151446,2,192
1705,5151445,2,192
5682038,2078,2,217
1706,3672161,2,316
1706,3672160,2,316
2077,4211804,2,282
2237,4377716,2,195
2530,4651127,2,234
2237,4377717,2,195
2126,3749769,2,217
2482,6251748,2,240
2451,4146117,2,316
2482,6251747,2,231
5682034,2483,2,191
2126,3807563,2,205
2095,3764139,2,194
2248,4035778,2,190
1912,4377717,2,195
1912,4377716,2,195
5682058,2482,2,275
2077,5657278,2,235
2077,5657279,2,286
2126,5688905,2,282
1672,5289158,2,215
2450,5122073,2,222
4473144,1650,2,234
2077,3764606,2,205
1999,4274303,2,198
1999,4274304,2,205
2045,4890700,2,197
1998,4770192,2,210
5682049,2386,2,304
2108,4036904,2,201
4473139,2385,2,353
1942,5067606,2,193
1942,5067605,2,213
2450,4834561,2,211
1672,4439502,2,231
2333,4770177,2,232
1672,4439503,2,240
2126,5657323,2,217
5682059,2482,2,275
2450,4834560,2,223
2248,4238700,2,184
5682062,2333,2,201
2333,4770176,2,252
1923,4035778,2,190
2126,5762027,2,235
1650,4045003,2,197
2095,3764140,2,207
2047,3730339,2,199
5682035,2178,2,263
1705,5976749,2,262
2333,4770189,2,198
1705,5976748,2,259
2333,4770188,2,201
5137995,2195,2,216
2188,4274304,2,205
2188,4274303,2,198
5605643,1999,2,205
1705,5976750,2,283
1650,3764970,2,210
5161474,2450,2,296
1778,4890517,2,274
1866,4651129,2,252
2187,4472985,2,270
2187,4472986,2,261
1778,4890518,2,321
1998,4770170,2,270
4473142,2187,2,270
1921,4472971,2,225
2108,4890507,2,201
2482,3716886,2,240
2047,3730340,2,227
1921,4472972,2,188
2482,3716885,2,277
3765422,2333,2,230
2246,4473585,2,188
2246,4473586,2,225
2187,4378105,2,223
3765422,1866,2,230
2187,4472998,2,210
1777,3666664,2,257
2223,2155,2,360
2105,4889526,2,252
2105,4889527,2,252
1705,5121971,2,222
1998,4770171,2,261
1650,3764991,2,197
4473130,2127,2,217
1809,3764102,2,500
1809,3764103,2,500
3765421,1866,2,256
48432,3666654,2,270
2095,22790,2,150
1998,4651125,2,270
2333,4036925,2,232
2243,4758963,2,261
2333,4036924,2,252
2243,4758964,2,314
1942,3909108,2,213
2126,3666619,2,205
2248,4238753,2,184
2248,4238752,2,184
2126,5761441,2,205
2077,3666671,2,205
2348,5121931,2,500
2348,5121930,2,500
4473129,2078,2,235
5794646,2248,2,216
2482,4439502,2,231
2482,4439503,2,240
1968,2322,2,120
2047,4458777,2,199
1998,3754199,2,211
1809,3759046,2,253
1809,3759047,2,253
1693,5747138,2,251
2333,5709972,2,222
2108,5121801,2,186
2333,5709971,2,222
2108,5121800,2,186
4473154,2348,2,253
1921,5161525,2,225
1921,5161524,2,188
2108,4036915,2,203
2047,3755017,2,268
5682048,2386,2,320
2095,22789,2,150
5682057,2333,2,232
4473137,2386,2,304
2095,4890620,2,205
1921,4473651,2,188
2451,4146088,2,316
2482,3765205,2,205
2054,3972558,2,228
2103,4035698,2,228
5682051,1775,2,353
1923,4238753,2,184
2388,3763996,2,321
1923,4238752,2,184
2388,3763995,2,274
1866,3813043,2,232
2108,3764027,2,203
4473140,1809,2,228
2388,4890615,2,274
1664,5747142,2,189
2451,3672160,2,316
2243,5761291,2,261
2243,5761290,2,241
1968,1967,2,300
1968,1966,2,540
2108,4890595,2,203
1968,1965,2,480
2388,4472941,2,274
2388,4472940,2,321
2451,3672161,2,316
1866,5709971,2,222
2474,5747142,2,189
1866,5709972,2,222
2482,4036771,2,240
2474,5747143,2,210
2482,4036770,2,231
48431,3666708,2,270
1960,3970614,2,232
2333,4651130,2,232
5682054,1998,2,270
1866,4770189,2,198
5682059,1672,2,215
1866,4770188,2,201
1664,5747143,2,210
1866,4036924,2,252
1866,4036925,2,232
1672,3687471,2,235
5976686,2450,2,222
2530,3764668,2,248
2215,3970614,2,232
2077,4045033,2,282
2126,3764652,2,205
1672,6251748,2,240
2246,4472972,2,188
1672,6251747,2,231
2246,4472971,2,225
1866,4770177,2,232
1866,4770176,2,252
5682052,1809,2,228
5794645,1923,2,284
48431,3672259,2,270
2333,3764816,2,208
2451,2224154,2,306
2333,3764817,2,219
2482,1729,2,180
2059,5121801,2,186
2097,4293203,2,204
2097,4293202,2,199
48431,3672223,2,270
2451,2224153,2,306
2059,5121800,2,186
4473128,2178,2,263
5794604,2248,2,189
2097,3730340,2,227
2187,5138047,2,279
2187,5138048,2,197
2166,3813522,2,225
2166,3813523,2,243
1672,3813068,2,153
2103,3663945,2,228
2530,4036877,2,248
2333,4651129,2,252
2095,5231724,2,194
1923,4238788,2,216
2095,5231725,2,224
1706,4146088,2,316
2507,3682070,2,252
2507,3682071,2,254
2482,1977,2,300
2215,3754320,2,232
5161519,2450,2,222
1672,4770179,2,215
2126,3764606,2,205
1918,5150191,2,241
2482,5289098,2,261
4473126,1673,2,191
2077,3747907,2,205
1918,5150192,2,244
2482,4036988,2,261
5161474,1705,2,296
1705,5423718,2,259
2320,5244905,2,298
1705,5423719,2,262
1672,4036872,2,215
1853,6041756,2,298
5122176,2450,2,236
1853,6041755,2,298
2006,4834678,2,270
2077,5761982,2,286
2077,5761983,2,217
2077,5688905,2,282
2097,3730339,2,199
1672,4770186,2,215
2077,5761981,2,274
1705,5423720,2,283
2482,3748046,2,205
4314737,2348,2,211
2507,3682090,2,254
1941,5244904,2,288
2108,3786300,2,256
4473136,1776,2,320
4314739,1809,2,432
2077,3666619,2,205
1706,3672261,2,316
2187,1997,2,155
2333,3764640,2,252
1960,3781677,2,214
2059,3764027,2,203
2333,3764641,2,232
1697,5747133,2,230
1697,5747132,2,230
4314770,2348,2,211
1921,4473585,2,188
2126,2213,2,137
2126,2212,2,151
1998,3764486,2,207
1672,3716885,2,277
1672,3716886,2,240
1998,5138047,2,279
2530,3893434,2,210
2333,3887768,2,256
2530,3893432,2,278
2059,3763986,2,201
2187,1996,2,144
2333,3887769,2,230
1672,1729,2,180
1998,5138048,2,197
1921,4473586,2,225
2077,3749738,2,281
2388,4770126,2,274
2045,3764140,2,207
2126,4036859,2,282
2474,3682059,2,189
48432,3672158,2,270
2388,4770125,2,321
2006,4834621,2,270
2243,4000533,2,314
2243,4000534,2,244
1706,3672286,2,316
1778,3763995,2,274
1921,4293196,2,215
1921,4293195,2,195
1778,3763996,2,321
2077,3749769,2,217
1706,4146117,2,316
2077,5762027,2,235
2333,3764621,2,201
2333,3764622,2,198
2215,3781629,2,208
1672,5018339,2,231
1998,3764671,2,210
1998,3764670,2,261
2126,2235,2,360
5976686,1705,2,222
2077,5657323,2,217
2187,3764439,2,261
2187,3764438,2,231
2187,3764437,2,205
2246,3926330,2,225
2054,4035698,2,228
1778,3764100,2,274
2246,3926329,2,224
1672,3687426,2,215
1705,5121833,2,250
1705,4834560,2,223
1705,5121832,2,271
1705,5121831,2,259
1705,4834561,2,211
1960,3754320,2,232
5794645,2248,2,284
1672,3765205,2,153
2530,3764624,2,248
2482,5709974,2,275
1968,2036,2,360
4314770,1809,2,211
2197,5370693,2,213
1942,5370693,2,213
1976,3813523,2,243
3765421,2333,2,256
2077,3749790,2,281
2482,5709975,2,275
2077,5018143,2,282
48431,3666654,2,270
5682033,1673,2,191
1650,3893468,2,197
1921,3926330,2,225
2530,3764638,2,234
3741081,1918,2,241
2530,3893468,2,197
1968,1166835,2,360
1918,4574174,2,314
2108,3763986,2,201
1918,4574173,2,261
2195,4770198,2,270
1968,1166834,2,360
1921,3926329,2,224
2450,5423719,2,262
2246,4770157,2,188
2450,5423718,2,259
2246,4770156,2,225
2333,3764666,2,198
2237,5121048,2,287
1923,4238700,2,184
2333,3764665,2,201
2237,5121049,2,287
5976643,1705,2,296
1672,5709974,2,215
1672,5709975,2,215
1650,3893432,2,278
2195,5688790,2,216
1650,3893434,2,210
2387,3666790,2,227
2187,3764486,2,207
4473143,2187,2,261
2006,4770198,2,270
1664,3682059,2,189
5682051,2385,2,353
2187,3764670,2,261
2320,5244886,2,298
2450,5423720,2,283
2187,3764671,2,210
2482,4036927,2,275
4473136,2386,2,320
4314771,2348,2,432
1976,3813522,2,225
2195,5688789,2,216
1998,3764438,2,231
1998,3764439,2,261
2482,5289158,2,275
4473140,2348,2,228
1998,3764437,2,205
4314769,1809,2,211
2450,3909833,2,251
2126,5657280,2,274
1941,5244885,2,288
2006,4036909,2,216
2126,5657278,2,235
1650,4036922,2,226
2126,5657279,2,286
2045,22790,2,150
2333,3813043,2,232
2248,4238699,2,184
2246,4473651,2,188
2195,4473004,2,270
2195,5067480,2,215
2450,3909823,2,251
2195,4890612,2,270
2195,5067481,2,215
5682036,1988,2,263
2450,3909822,2,251
1650,3764668,2,248
2006,3763991,2,270
2126,5018143,2,282
1705,5221776,2,296
2450,3909828,2,251
2223,1967,2,300
2223,1966,2,540
2223,1965,2,480
5682037,2127,2,235
2006,4036910,2,216
2387,3666751,2,227
1672,1977,2,300
1853,5244905,2,298
5137996,2006,2,216
2077,1910,2,360
1672,2472,2,180
2006,5688790,2,216
2473,5747133,2,230
2097,4255013,2,204
2473,5747132,2,230
2045,22789,2,150
1960,3781629,2,208
1778,4378266,2,274
2006,4473004,2,270
1778,4378267,2,321
2482,4037041,2,275
2108,4890608,2,201
2231,5244904,2,288
2054,3663824,2,228
2482,3893353,2,277
2482,3893354,2,275
2054,3663825,2,291
2047,4293202,2,199
2450,5161445,2,192
2450,5161446,2,192
2006,5688789,2,216
2047,4293203,2,204
2187,3764629,2,210
2187,3764628,2,270
2187,3764627,2,261
2126,3749677,2,217
2451,3678810,2,288
2077,4997012,2,205
5682036,2178,2,263
2246,4293196,2,215
2246,4293195,2,195
2482,4770179,2,275
2482,4770186,2,275
1706,3672225,2,316
1960,3970592,2,232
2006,5067481,2,215
1706,3672226,2,316
1866,3887769,2,230
2006,5067480,2,215
1866,3887768,2,256
4473129,2127,2,235
2215,3781677,2,214
1650,3764624,2,248
1960,3970599,2,208
2450,5478211,2,262
2077,3807563,2,205
2482,2472,2,180
1968,2220,2,480
2059,4890595,2,203
1672,5018340,2,240
1968,2221,2,540
1968,2222,2,300
1777,3666751,2,227
2054,3663887,2,228
2006,4890612,2,270
5122176,1705,2,236
2054,3663888,2,291
2197,5067606,2,193
2077,1957,2,196
2056,4889489,2,252
2197,5067605,2,213
2077,1958,2,97
2056,4889488,2,252
2450,5121971,2,222
5682050,1775,2,388
2126,3666771,2,205
1650,3764638,2,234
2388,3764100,2,274
2045,3764139,2,194
1998,3764629,2,210
2195,4378261,2,215
2195,4378262,2,215
1998,3764628,2,270
1998,3764627,2,261
1998,2186,2,130
1998,2185,2,104
1705,5221791,2,222
2187,4036885,2,197
2387,3666594,2,257
2387,3666593,2,227
2451,3678809,2,311
2530,4045003,2,197
2103,5991317,2,284
2103,5991316,2,278
2187,4036884,2,270
2187,4036883,2,279
2482,3893394,2,275
1705,5161445,2,192
1705,5161446,2,192
2482,3893395,2,261
2045,4890620,2,205
2126,5761982,2,286
2126,5761981,2,274
2126,5761983,2,217
48432,3666756,2,270
5682034,1673,2,191
2126,4035729,2,205
2059,3786300,2,256
1923,4238699,2,184
5682056,1650,2,234
2126,4045033,2,282
5682049,1776,2,304
2187,2185,2,96
2187,2186,2,129
2450,5221776,2,296
1912,5121049,2,287
1912,5121048,2,287
2095,3730667,2,197
2095,3730668,2,197
2215,3970592,2,232
1942,3909012,2,213
2188,3450646,2,198
1650,4037255,2,210
2188,3450645,2,205
2482,3764663,2,275
2195,4834621,2,270
4314738,1809,2,211
2215,3970599,2,208
4314739,2348,2,432
5682063,2530,2,248
1777,3666790,2,227
1999,3450645,2,205
1866,4036874,2,201
1999,3450646,2,198
2054,5991317,2,284
2054,5991316,2,278
1778,4890615,2,274
1866,4036875,2,198
2105,3664424,2,252
2105,3664423,2,252
1650,4651127,2,234
3741082,2243,2,244
2530,4036922,2,226
2188,4117683,2,198
2482,3813068,2,205
2188,4117682,2,205
5682058,1672,2,215
2195,4036910,2,216
5794709,1923,2,216
1999,4117683,2,198
1866,3764665,2,201
1999,4117682,2,205
1866,3764666,2,198
2006,5067612,2,270
2006,5067611,2,270
2077,3811292,2,281
2482,3764643,2,275
2195,4036909,2,216
2077,3666723,2,205
1672,3893354,2,215
1672,3893353,2,277
2126,4997012,2,205
5605644,2188,2,198
2095,4890534,2,205
5682055,1998,2,261
4473142,1998,2,270
1705,3909828,2,251
2450,4834625,2,211
5605644,1999,2,198
2450,4834624,2,223
5682056,2530,2,234
1918,4758963,2,261
1705,3909823,2,251
48432,3666795,2,270
2482,3764619,2,275
1705,3909822,2,251
2126,3666723,2,205
1918,4758964,2,314
2077,5761441,2,205
2503,5747138,2,251
2077,3666771,2,205
4473138,1775,2,388
5682038,2127,2,217
2195,4834678,2,270
2451,3672225,2,316
2095,3764088,2,224
2451,3672226,2,316
2095,3764087,2,224
2450,5121831,2,259
2056,3664423,2,252
2450,5121832,2,271
2056,3664424,2,252
2450,5121833,2,250
1706,3678810,2,288
2482,3764814,2,275
5137995,2006,2,216
2246,5161524,2,188
2246,5161525,2,225
1663,3682090,2,254
1706,3678809,2,311
2223,2036,2,360
4473126,2483,2,191
2223,2220,2,480
2223,2222,2,300
2223,2221,2,540
2103,3972558,2,228
1672,5289098,2,261
4473125,1673,2,191
5682048,1776,2,320
1672,3748046,2,153
1672,4739200,2,261
1921,4770157,2,188
2077,4035729,2,205
2077,4036859,2,282
2482,3716935,2,261
1921,4770156,2,225
2348,3759047,2,253
2348,3759046,2,253
2126,3747907,2,205
1705,3909833,2,251
1663,3682071,2,254
1663,3682070,2,252
2450,5221791,2,222
5682062,1866,2,201
1672,4036927,2,215
1777,3666593,2,227
2054,4705644,2,291
1777,3666594,2,257
2054,4705643,2,315
2059,4890608,2,201
4473130,2078,2,217
2243,5355369,2,261
2243,5355368,2,314
2126,3811292,2,281
2248,5991336,2,216
2248,5991337,2,292
2095,4890700,2,197
2451,3672261,2,316
1809,6041794,2,500
1809,6041793,2,516
2223,1855,2,120
2348,6251679,2,253
2530,4037255,2,210
5682055,2187,2,261
1672,3764643,2,215
2333,4036875,2,198
2333,4036874,2,201
1777,3678786,2,224
1968,1855,2,120
1672,4036770,2,231
1672,4036771,2,240
1777,3678787,2,257
1778,4770125,2,321
1778,4770126,2,274
4314769,2348,2,211
2348,6251680,2,253
2482,3764843,2,275
2197,3909108,2,213
2195,5067611,2,270
2482,5018339,2,231
2451,3672286,2,316
5161519,1705,2,222
2059,4890507,2,201
2195,5067612,2,270
48431,3672158,2,270
1672,3764663,2,215
3741081,2243,2,241
2482,4651132,2,275
4314737,1809,2,211
2077,3740297,2,282
4314738,2348,2,211
2530,4472989,2,234
1998,1997,2,156
2126,3740297,2,282
1998,1996,2,145
2530,3764991,2,197
2197,5161434,2,193
4473125,2483,2,191
2197,5161433,2,213
2054,4705603,2,315
2054,4705600,2,269
2054,4705601,2,291
2054,4705602,2,289
2126,4211804,2,282
2388,4890518,2,321
2333,3812968,2,220
2333,3812969,2,223
2482,5018340,2,240
2388,4890517,2,274
5605643,2188,2,205
2348,3757177,2,437
2348,3757175,2,228
2348,3757176,2,432
2348,3757174,2,228
2047,4255013,2,204
2047,4458806,2,227
1672,4036988,2,261
1998,4472985,2,270
1998,4472986,2,261
2482,4036872,2,275
2333,3812970,2,225
1866,3764640,2,252
5682033,2483,2,191
1866,3764641,2,232
2243,4574174,2,314
5122175,2450,2,265
2243,4574173,2,261
1809,3757175,2,228
1809,3757174,2,228
1809,3757177,2,437
1809,3757176,2,432
1866,3764816,2,208
5682054,2187,2,270
1866,3764817,2,219
2530,3764970,2,210
1998,4472998,2,210
5682065,2348,2,253
2097,4458806,2,227
2388,4378266,2,274
2388,4378267,2,321
2045,3764087,2,224
2045,3764088,2,224
48432,3666708,2,270
2187,3754200,2,211
1998,4378105,2,223
4473137,1776,2,304
5122193,2045,2,207
2482,3687471,2,235
1706,2224153,2,306
2103,3663825,2,291
1706,2224154,2,306
2103,3663824,2,228
1866,3764622,2,198
1866,3764621,2,201
