service_id,monday,tuesday,wednesday,thursday,friday,saturday,sunday,start_date,end_date
12282696,0,0,0,0,0,0,0,20170227,20170502
12282706,0,0,0,0,0,0,0,20170211,20170506
12282695,0,0,0,0,0,0,0,20170102,20170424
12282698,0,0,0,0,0,0,0,20170103,20170428
12282704,0,0,0,0,0,0,0,20170107,20170429
12282697,0,0,0,0,0,0,0,20170207,20170505
12282701,0,0,0,0,0,0,0,20170108,20170423
12282702,0,0,0,0,0,0,0,20170226,20170508
2187395,0,0,0,0,0,0,0,20161109,20161215
12252992,0,0,0,0,0,0,0,20161224,20161224
2282695,0,0,0,0,0,0,0,20170101,20170423
2025576,0,0,0,0,0,0,0,20161219,20161222
2282704,0,0,0,0,0,0,0,20170106,20170428
2282696,0,0,0,0,0,0,0,20170226,20170501
2252992,0,0,0,0,0,0,0,20161223,20161223
2282697,0,0,0,0,0,0,0,20170206,20170504
2282702,0,0,0,0,0,0,0,20170225,20170507
2181816,0,0,0,0,0,0,0,20161113,20161225
2282701,0,0,0,0,0,0,0,20170107,20170422
2187399,0,0,0,0,0,0,0,20161230,20161230
12096282,0,0,0,0,0,0,0,20161112,20161112
12025576,0,0,0,0,0,0,0,20161220,20161223
2187398,0,0,0,0,0,0,0,20161112,20161231
2187397,0,0,0,0,0,0,0,20161110,20161216
2280396,0,0,0,0,0,0,0,20170416,20170416
2096333,0,0,0,0,0,0,0,20161226,20161229
12181816,0,0,0,0,0,0,0,20161114,20161226
2096282,0,0,0,0,0,0,0,20161111,20161111
2282698,0,0,0,0,0,0,0,20170102,20170427
12280396,0,0,0,0,0,0,0,20170417,20170417
12187397,0,0,0,0,0,0,0,20161111,20161217
12187398,0,0,0,0,0,0,0,20161113,20170101
12187399,0,0,0,0,0,0,0,20161231,20161231
12096333,0,0,0,0,0,0,0,20161227,20161230
12187395,0,0,0,0,0,0,0,20161110,20161216
2282706,0,0,0,0,0,0,0,20170210,20170505
